7 232 232 232
15 240 472 236
22 245 717 239
30 226 943 235
37 223 1166 233
45 218 1384 230
52 207 1591 227
60 235 1826 228
67 260 2086 231
75 218 2304 230
82 207 2511 228
90 259 2770 230
97 245 3015 231
105 269 3284 234
112 229 3513 234
120 246 3759 234
127 234 3993 234
135 232 4225 234
142 213 4438 233
150 230 4668 233
157 237 4905 233
165 226 5131 233
172 242 5373 233
180 238 5611 233
187 249 5860 234
195 202 6062 233
202 246 6308 233
210 244 6552 234
217 226 6778 233
225 215 6993 233
232 273 7266 234
240 236 7502 234
247 248 7750 234
255 213 7963 234
262 226 8189 233
270 224 8413 233
277 237 8650 233
285 230 8880 233
292 256 9136 234
300 230 9366 234
307 240 9606 234
315 243 9849 234
322 232 10081 234
330 237 10318 234
337 230 10548 234
345 222 10770 234
352 237 11007 234
360 230 11237 234
367 240 11477 234
375 235 11712 234
382 240 11952 234
390 232 12184 234
397 222 12406 234
405 244 12650 234
412 234 12884 234
420 253 13137 234
427 257 13394 234
435 241 13635 235
442 234 13869 235
450 234 14103 235
457 232 14335 235
465 224 14559 234
472 257 14816 235
480 222 15038 234
487 228 15266 234
495 232 15498 234
502 228 15726 234
510 193 15919 234
517 239 16158 234
525 241 16399 234
532 250 16649 234
540 244 16893 234
547 224 17117 234
555 249 17366 234
562 238 17604 234
570 214 17818 234
577 262 18080 234
585 232 18312 234
592 233 18545 234
600 212 18757 234
607 229 18986 234
615 221 19207 234
622 236 19443 234
630 249 19692 234
637 231 19923 234
645 237 20160 234
652 269 20429 234
660 255 20684 235
667 246 20930 235
675 218 21148 234
682 228 21376 234
690 232 21608 234
697 251 21859 235
705 216 22075 234
712 233 22308 234
720 217 22525 234
727 222 22747 234
735 215 22962 234
742 209 23171 234
750 232 23403 234
757 236 23639 234
765 226 23865 233
772 247 24112 234
780 253 24365 234
787 212 24577 234
795 255 24832 234
802 231 25063 234
810 231 25294 234
817 240 25534 234
825 224 25758 234
832 231 25989 234
840 233 26222 234
847 246 26468 234
855 220 26688 234
862 265 26953 234
870 246 27199 234
877 263 27462 234
885 243 27705 234
892 240 27945 234
900 225 28170 234
907 237 28407 234
915 240 28647 234
922 235 28882 234
930 219 29101 234
937 233 29334 234
945 266 29600 234
952 232 29832 234
960 252 30084 235
967 247 30331 235
975 223 30554 235
982 216 30770 234
990 222 30992 234
997 239 31231 234
1005 240 31471 234
1012 226 31697 234
1020 235 31932 234
1027 239 32171 234
1035 248 32419 234
1042 275 32694 235
1050 261 32955 235
1057 253 33208 235
1065 227 33435 235
1072 231 33666 235
1080 231 33897 235
1087 227 34124 235
1095 224 34348 235
1102 253 34601 235
1110 243 34844 235
1117 231 35075 235
1125 234 35309 235
1132 246 35555 235
1140 226 35781 235
1147 229 36010 235
1155 226 36236 235
1162 245 36481 235
1170 225 36706 235
1177 244 36950 235
1185 267 37217 235
1192 213 37430 235
1200 222 37652 235
1207 222 37874 235
1215 223 38097 235
1222 265 38362 235
1230 232 38594 235
1237 232 38826 235
1245 217 39043 235
1252 260 39303 235
1260 230 39533 235
1267 257 39790 235
1275 202 39992 235
1282 233 40225 235
1290 232 40457 235
1297 258 40715 235
1305 231 40946 235
1312 231 41177 235
1320 234 41411 235
1327 224 41635 235
1335 226 41861 235
1342 241 42102 235
1350 242 42344 235
1357 225 42569 235
1365 230 42799 235
1372 223 43022 235
1380 242 43264 235
1387 214 43478 235
1395 215 43693 234
1402 237 43930 234
1410 227 44157 234
1417 217 44374 234
1425 222 44596 234
1432 251 44847 234
1440 215 45062 234
1447 227 45289 234
1455 250 45539 234
1462 246 45785 234
1470 222 46007 234
1477 233 46240 234
1485 235 46475 234
1492 212 46687 234
1500 212 46899 234
1507 243 47142 234
1515 233 47375 234
1522 226 47601 234
1530 237 47838 234
1537 221 48059 234
1545 231 48290 234
1552 203 48493 234
1560 235 48728 234
1567 228 48956 234
1575 241 49197 234
1582 216 49413 234
1590 253 49666 234
1597 237 49903 234
1605 227 50130 234
1612 228 50358 234
1620 227 50585 234
1627 215 50800 234
1635 220 51020 234
1642 236 51256 234
1650 244 51500 234
1657 223 51723 234
1665 245 51968 234
1672 229 52197 234
1680 218 52415 233
1687 225 52640 233
1695 230 52870 233
1702 227 53097 233
1710 242 53339 233
1717 222 53561 233
1725 271 53832 234
1732 257 54089 234
1740 259 54348 234
1747 257 54605 234
1755 247 54852 234
1762 276 55128 234
1770 215 55343 234
1777 238 55581 234
1785 222 55803 234
1792 235 56038 234
1800 241 56279 234
1807 247 56526 234
1815 245 56771 234
1822 237 57008 234
1830 227 57235 234
1837 264 57499 234
1845 254 57753 234
1852 224 57977 234
1860 217 58194 234
1867 233 58427 234
1875 219 58646 234
1882 225 58871 234
1890 249 59120 234
1897 239 59359 234
1905 243 59602 234
1912 230 59832 234
1920 216 60048 234
1927 261 60309 234
1935 244 60553 234
1942 235 60788 234
1950 244 61032 234
1957 205 61237 234
1965 231 61468 234
1972 236 61704 234
1980 214 61918 234
1987 225 62143 234
1995 247 62390 234
2002 243 62633 234
2010 231 62864 234
2017 220 63084 234
2025 214 63298 234
2032 242 63540 234
2040 236 63776 234
2047 250 64026 234
2055 243 64269 234
2062 172 64441 234
2070 230 64671 234
2077 256 64927 234
2085 235 65162 234
2092 244 65406 234
2100 256 65662 234
2107 231 65893 234
2115 233 66126 234
2122 243 66369 234
2130 237 66606 234
2137 215 66821 234
2145 242 67063 234
2152 240 67303 234
2160 220 67523 234
2167 263 67786 234
2175 236 68022 234
2182 231 68253 234
2190 256 68509 234
2197 238 68747 234
2205 238 68985 234
2212 230 69215 234
2220 219 69434 234
2227 229 69663 234
2235 231 69894 234
2242 211 70105 234
2250 233 70338 234
2257 255 70593 234
2265 243 70836 234
2272 252 71088 234
2280 237 71325 234
2287 244 71569 234
2295 222 71791 234
2302 237 72028 234
2310 239 72267 234
2317 214 72481 234
2325 208 72689 234
2332 233 72922 234
2340 260 73182 234
2347 220 73402 234
2355 238 73640 234
2362 258 73898 234
2370 233 74131 234
2377 237 74368 234
2385 238 74606 234
2392 220 74826 234
2400 242 75068 234
2407 250 75318 234
2415 223 75541 234
2422 216 75757 234
2430 225 75982 234
2437 229 76211 234
2445 224 76435 234
2452 211 76646 234
2460 243 76889 234
2467 238 77127 234
2475 237 77364 234
2482 229 77593 234
2490 243 77836 234
2497 227 78063 234
2505 259 78322 234
2512 224 78546 234
2520 231 78777 234
2527 225 79002 234
2535 218 79220 234
2542 248 79468 234
2550 250 79718 234
2557 256 79974 234
2565 223 80197 234
2572 240 80437 234
2580 240 80677 234
2587 238 80915 234
2595 256 81171 234
2602 235 81406 234
2610 244 81650 234
2617 250 81900 234
2625 226 82126 234
2632 249 82375 234
2640 244 82619 234
2647 254 82873 234
2655 262 83135 234
2662 211 83346 234
2670 242 83588 234
2677 235 83823 234
2685 232 84055 234
2692 240 84295 234
2700 228 84523 234
2707 233 84756 234
2715 257 85013 234
2722 217 85230 234
2730 272 85502 234
2737 253 85755 234
2745 215 85970 234
2752 212 86182 234
2760 221 86403 234
2767 240 86643 234
2775 257 86900 234
2782 245 87145 234
2790 245 87390 234
2797 256 87646 234
2805 234 87880 234
2812 226 88106 234
2820 256 88362 235
2827 240 88602 235
2835 219 88821 234
2842 268 89089 235
2850 210 89299 234
2857 236 89535 235
2865 221 89756 234
2872 244 90000 234
2880 199 90199 234
2887 235 90434 234
2895 235 90669 234
2902 228 90897 234
2910 242 91139 234
2917 234 91373 234
2925 254 91627 234
2932 245 91872 234
2940 231 92103 234
2947 243 92346 234
2955 222 92568 234
2962 245 92813 234
2970 216 93029 234
2977 249 93278 234
2985 226 93504 234
2992 213 93717 234
3000 218 93935 234
3007 211 94146 234
3015 245 94391 234
3022 219 94610 234
3030 220 94830 234
3037 221 95051 234
3045 244 95295 234
3052 253 95548 234
3060 228 95776 234
3067 216 95992 234
3075 228 96220 234
3082 220 96440 234
3090 231 96671 234
3097 219 96890 234
3105 231 97121 234
3112 237 97358 234
3120 230 97588 234
3127 238 97826 234
3135 254 98080 234
3142 248 98328 234
3150 226 98554 234
3157 243 98797 234
3165 248 99045 234
3172 219 99264 234
3180 224 99488 234
3187 225 99713 234
3195 261 99974 234
3202 243 100217 234
3210 223 100440 234
3217 241 100681 234
3225 245 100926 234
3232 227 101153 234
3240 239 101392 234
3247 260 101652 234
3255 230 101882 234
3262 235 102117 234
3270 230 102347 234
3277 249 102596 234
3285 231 102827 234
3292 225 103052 234
3300 260 103312 234
3307 266 103578 234
3315 241 103819 234
3322 234 104053 234
3330 228 104281 234
3337 237 104518 234
3345 235 104753 234
3352 220 104973 234
3360 226 105199 234
3367 230 105429 234
3375 246 105675 234
3382 205 105880 234
3390 242 106122 234
3397 255 106377 234
3405 217 106594 234
3412 238 106832 234
3420 213 107045 234
3427 218 107263 234
3435 213 107476 234
3442 253 107729 234
3450 270 107999 234
3457 255 108254 234
3465 221 108475 234
3472 233 108708 234
3480 223 108931 234
3487 261 109192 234
3495 244 109436 234
3502 250 109686 234
3510 246 109932 234
3517 224 110156 234
3525 256 110412 234
3532 243 110655 234
3540 214 110869 234
3547 232 111101 234
3555 249 111350 234
3562 254 111604 234
3570 231 111835 234
3577 217 112052 234
3585 228 112280 234
3592 237 112517 234
3600 228 112745 234
3607 232 112977 234
3615 251 113228 234
3622 253 113481 234
3630 241 113722 234
3637 255 113977 235
3645 204 114181 234
3652 240 114421 234
3660 223 114644 234
3667 229 114873 234
3675 269 115142 234
3682 241 115383 234
3690 216 115599 234
3697 217 115816 234
3705 244 116060 234
3712 275 116335 235
3720 241 116576 235
3727 239 116815 235
3735 232 117047 235
3742 246 117293 235
3750 243 117536 235
3757 257 117793 235
3765 238 118031 235
3772 229 118260 235
3780 211 118471 235
3787 249 118720 235
3795 229 118949 235
3802 227 119176 235
3810 229 119405 235
3817 262 119667 235
3825 226 119893 235
3832 249 120142 235
3840 247 120389 235
3847 256 120645 235
3855 228 120873 235
3862 237 121110 235
3870 254 121364 235
3877 231 121595 235
3885 234 121829 235
3892 232 122061 235
3900 244 122305 235
3907 231 122536 235
3915 231 122767 235
3922 224 122991 235
3930 272 123263 235
3937 231 123494 235
3945 223 123717 235
3952 246 123963 235
3960 256 124219 235
3967 229 124448 235
3975 233 124681 235
3982 257 124938 235
3990 268 125206 235
3997 227 125433 235
4005 226 125659 235
4012 250 125909 235
4020 239 126148 235
4027 248 126396 235
4035 248 126644 235
4042 248 126892 235
4050 239 127131 235
4057 226 127357 235
4065 219 127576 235
4072 257 127833 235
4080 225 128058 235
4087 260 128318 235
4095 239 128557 235
4102 207 128764 235
4110 234 128998 235
4117 270 129268 235
4125 253 129521 235
4132 256 129777 235
4140 226 130003 235
4147 213 130216 235
4155 225 130441 235
4162 230 130671 235
4170 223 130894 235
4177 259 131153 235
4185 226 131379 235
4192 241 131620 235
4200 228 131848 235
4207 241 132089 235
4215 242 132331 235
4222 223 132554 235
4230 214 132768 235
4237 266 133034 235
4245 238 133272 235
4252 242 133514 235
4260 246 133760 235
4267 223 133983 235
4275 266 134249 235
4282 225 134474 235
4290 265 134739 235
4297 218 134957 235
4305 248 135205 235
4312 240 135445 235
4320 240 135685 235
4327 216 135901 235
4335 228 136129 235
4342 209 136338 235
4350 263 136601 235
4357 226 136827 235
4365 247 137074 235
4372 238 137312 235
4380 222 137534 235
4387 245 137779 235
4395 231 138010 235
4402 228 138238 235
4410 227 138465 235
4417 268 138733 235
4425 254 138987 235
4432 250 139237 235
4440 230 139467 235
4447 242 139709 235
4455 233 139942 235
4462 241 140183 235
4470 245 140428 235
4477 258 140686 235
4485 237 140923 235
4492 213 141136 235
4500 224 141360 235
4507 213 141573 235
4515 211 141784 235
4522 223 142007 235
4530 233 142240 235
4537 219 142459 235
4545 212 142671 235
4552 223 142894 235
4560 241 143135 235
4567 241 143376 235
4575 235 143611 235
4582 237 143848 235
4590 249 144097 235
4597 243 144340 235
4605 254 144594 235
4612 228 144822 235
4620 247 145069 235
4627 240 145309 235
4635 225 145534 235
4642 212 145746 235
4650 226 145972 235
4657 235 146207 235
4665 235 146442 235
4672 223 146665 235
4680 270 146935 235
4687 238 147173 235
4695 243 147416 235
4702 215 147631 235
4710 241 147872 235
4717 242 148114 235
4725 235 148349 235
4732 210 148559 235
4740 264 148823 235
4747 249 149072 235
4755 240 149312 235
4762 245 149557 235
4770 233 149790 235
4777 232 150022 235
4785 240 150262 235
4792 234 150496 235
4800 226 150722 235
4807 225 150947 235
4815 215 151162 235
4822 253 151415 235
4830 241 151656 235
4837 258 151914 235
4845 240 152154 235
4852 228 152382 235
4860 232 152614 235
4867 250 152864 235
4875 248 153112 235
4882 224 153336 235
4890 236 153572 235
4897 209 153781 235
4905 247 154028 235
4912 240 154268 235
4920 212 154480 235
4927 230 154710 235
4935 243 154953 235
4942 245 155198 235
4950 245 155443 235
4957 255 155698 235
4965 234 155932 235
4972 247 156179 235
4980 233 156412 235
4987 253 156665 235
4995 247 156912 235
5002 220 157132 235
5010 232 157364 235
5017 223 157587 235
5025 243 157830 235
5032 256 158086 235
5040 245 158331 235
5047 244 158575 235
5055 217 158792 235
5062 218 159010 235
5070 220 159230 235
5077 239 159469 235
5085 232 159701 235
5092 222 159923 235
5100 247 160170 235
5107 231 160401 235
5115 210 160611 235
5122 239 160850 235
5130 249 161099 235
5137 248 161347 235
5145 263 161610 235
5152 264 161874 235
5160 240 162114 235
5167 235 162349 235
5175 192 162541 235
5182 236 162777 235
5190 208 162985 235
5197 240 163225 235
5205 225 163450 235
5212 203 163653 235
5220 257 163910 235
5227 233 164143 235
5235 228 164371 235
5242 235 164606 235
5250 231 164837 235
5257 238 165075 235
5265 231 165306 235
5272 243 165549 235
5280 255 165804 235
5287 244 166048 235
5295 263 166311 235
5302 232 166543 235
5310 210 166753 235
5317 262 167015 235
5325 251 167266 235
5332 218 167484 235
5340 257 167741 235
5347 240 167981 235
5355 237 168218 235
5362 234 168452 235
5370 246 168698 235
5377 226 168924 235
5385 258 169182 235
5392 251 169433 235
5400 239 169672 235
5407 253 169925 235
5415 247 170172 235
5422 219 170391 235
5430 223 170614 235
5437 224 170838 235
5445 229 171067 235
5452 223 171290 235
5460 197 171487 235
5467 230 171717 235
5475 231 171948 235
5482 231 172179 235
5490 239 172418 235
5497 231 172649 235
5505 235 172884 235
5512 232 173116 235
5520 242 173358 235
5527 239 173597 235
5535 228 173825 235
5542 242 174067 235
5550 240 174307 235
5557 212 174519 235
5565 250 174769 235
5572 231 175000 235
5580 243 175243 235
5587 232 175475 235
5595 265 175740 235
5602 215 175955 235
5610 257 176212 235
5617 248 176460 235
5625 252 176712 235
5632 232 176944 235
5640 238 177182 235
5647 227 177409 235
5655 253 177662 235
5662 237 177899 235
5670 245 178144 235
5677 243 178387 235
5685 236 178623 235
5692 239 178862 235
5700 250 179112 235
5707 239 179351 235
5715 236 179587 235
5722 244 179831 235
5730 245 180076 235
5737 265 180341 235
5745 228 180569 235
5752 212 180781 235
5760 219 181000 235
5767 231 181231 235
5775 211 181442 235
5782 225 181667 235
5790 234 181901 235
5797 225 182126 235
5805 247 182373 235
5812 256 182629 235
5820 222 182851 235
5827 245 183096 235
5835 212 183308 235
5842 226 183534 235
5850 261 183795 235
5857 214 184009 235
5865 250 184259 235
5872 218 184477 235
5880 243 184720 235
5887 242 184962 235
5895 234 185196 235
5902 237 185433 235
5910 243 185676 235
5917 246 185922 235
5925 232 186154 235
5932 243 186397 235
5940 251 186648 235
5947 231 186879 235
5955 215 187094 235
5962 232 187326 235
5970 222 187548 235
5977 248 187796 235
5985 232 188028 235
5992 239 188267 235
6000 220 188487 235
6007 237 188724 235
6015 225 188949 235
6022 229 189178 235
6030 220 189398 235
6037 248 189646 235
6045 257 189903 235
6052 223 190126 235
6060 222 190348 235
6067 229 190577 235
6075 268 190845 235
6082 217 191062 235
6090 242 191304 235
6097 230 191534 235
6105 228 191762 235
6112 259 192021 235
6120 239 192260 235
6127 221 192481 235
6135 207 192688 235
6142 250 192938 235
6150 248 193186 235
6157 244 193430 235
6165 220 193650 235
6172 231 193881 235
6180 230 194111 235
6187 232 194343 235
6195 239 194582 235
6202 246 194828 235
6210 248 195076 235
6217 227 195303 235
6225 231 195534 235
6232 198 195732 235
6240 228 195960 235
6247 228 196188 235
6255 236 196424 235
6262 256 196680 235
6270 262 196942 235
6277 256 197198 235
6285 259 197457 235
6292 258 197715 235
6300 255 197970 235
6307 200 198170 235
6315 239 198409 235
6322 240 198649 235
6330 243 198892 235
6337 223 199115 235
6345 261 199376 235
6352 225 199601 235
6360 235 199836 235
6367 226 200062 235
6375 229 200291 235
6382 202 200493 235
6390 230 200723 235
6397 222 200945 235
6405 235 201180 235
6412 251 201431 235
6420 238 201669 235
6427 239 201908 235
6435 236 202144 235
6442 231 202375 235
6450 223 202598 235
6457 249 202847 235
6465 264 203111 235
6472 210 203321 235
6480 239 203560 235
6487 224 203784 235
6495 238 204022 235
6502 234 204256 235
6510 243 204499 235
6517 242 204741 235
6525 241 204982 235
6532 225 205207 235
6540 254 205461 235
6547 231 205692 235
6555 230 205922 235
6562 239 206161 235
6570 239 206400 235
6577 240 206640 235
6585 226 206866 235
6592 222 207088 235
6600 258 207346 235
6607 226 207572 235
6615 265 207837 235
6622 234 208071 235
6630 234 208305 235
6637 204 208509 235
6645 244 208753 235
6652 258 209011 235
6660 241 209252 235
6667 232 209484 235
6675 223 209707 235
6682 258 209965 235
6690 244 210209 235
6697 264 210473 235
6705 245 210718 235
6712 235 210953 235
6720 259 211212 235
6727 222 211434 235
6735 222 211656 235
6742 248 211904 235
6750 238 212142 235
6757 275 212417 235
6765 247 212664 235
6772 249 212913 235
6780 224 213137 235
6787 239 213376 235
6795 255 213631 235
6802 243 213874 235
6810 243 214117 235
6817 230 214347 235
6825 237 214584 235
6832 228 214812 235
6840 240 215052 235
6847 226 215278 235
6855 219 215497 235
6862 241 215738 235
6870 233 215971 235
6877 226 216197 235
6885 226 216423 235
6892 237 216660 235
6900 219 216879 235
6907 229 217108 235
6915 271 217379 235
6922 223 217602 235
6930 205 217807 235
6937 267 218074 235
6945 252 218326 235
6952 236 218562 235
6960 220 218782 235
6967 222 219004 235
6975 228 219232 235
6982 248 219480 235
6990 264 219744 235
6997 236 219980 235
7005 243 220223 235
7012 231 220454 235
7020 252 220706 235
7027 231 220937 235
7035 243 221180 235
7042 246 221426 235
7050 244 221670 235
7057 267 221937 235
7065 224 222161 235
7072 225 222386 235
7080 243 222629 235
7087 241 222870 235
7095 213 223083 235
7102 237 223320 235
7110 229 223549 235
7117 249 223798 235
7125 251 224049 235
7132 274 224323 235
7140 208 224531 235
7147 228 224759 235
7155 246 225005 235
7162 211 225216 235
7170 223 225439 235
7177 229 225668 235
7185 261 225929 235
7192 257 226186 235
7200 230 226416 235
7207 229 226645 235
7215 245 226890 235
7222 243 227133 235
7230 233 227366 235
7237 279 227645 235
7245 247 227892 235
7252 246 228138 235
7260 223 228361 235
7267 252 228613 235
7275 226 228839 235
7282 260 229099 235
7290 226 229325 235
7297 217 229542 235
7305 244 229786 235
7312 251 230037 235
7320 214 230251 235
7327 253 230504 235
7335 248 230752 235
7342 249 231001 235
7350 258 231259 235
7357 223 231482 235
7365 247 231729 235
7372 259 231988 236
7380 241 232229 236
7387 239 232468 236
7395 225 232693 235
7402 218 232911 235
7410 261 233172 236
7417 237 233409 236
7425 233 233642 236
7432 232 233874 235
7440 249 234123 236
7447 231 234354 236
7455 253 234607 236
7462 225 234832 236
7470 221 235053 235
7477 207 235260 235
7485 237 235497 235
7492 279 235776 236
7500 244 236020 236
7507 224 236244 236
7515 238 236482 236
7522 238 236720 236
7530 229 236949 236
7537 235 237184 236
7545 239 237423 236
7552 239 237662 236
7560 242 237904 236
7567 246 238150 236
7575 250 238400 236
7582 223 238623 236
7590 246 238869 236
7597 240 239109 236
7605 255 239364 236
7612 261 239625 236
7620 232 239857 236
7627 236 240093 236
7635 215 240308 236
7642 235 240543 236
7650 238 240781 236
7657 262 241043 236
7665 232 241275 236
7672 270 241545 236
7680 234 241779 236
7687 245 242024 236
7695 261 242285 236
7702 238 242523 236
7710 254 242777 236
7717 246 243023 236
7725 260 243283 236
7732 257 243540 236
7740 204 243744 236
7747 229 243973 236
7755 244 244217 236
7762 219 244436 236
7770 271 244707 236
7777 236 244943 236
7785 204 245147 236
7792 244 245391 236
7800 224 245615 236
7807 251 245866 236
7815 231 246097 236
7822 236 246333 236
7830 237 246570 236
7837 242 246812 236
7845 248 247060 236
7852 243 247303 236
7860 270 247573 236
7867 231 247804 236
7875 240 248044 236
7882 217 248261 236
7890 258 248519 236
7897 263 248782 236
7905 240 249022 236
7912 231 249253 236
7920 231 249484 236
7927 269 249753 236
7935 221 249974 236
7942 266 250240 236
7950 247 250487 236
7957 243 250730 236
7965 252 250982 236
7972 251 251233 236
7980 218 251451 236
7987 223 251674 236
7995 211 251885 236
8002 251 252136 236
8010 254 252390 236
8017 238 252628 236
8025 243 252871 236
8032 249 253120 236
8040 246 253366 236
8047 240 253606 236
8055 246 253852 236
8062 258 254110 236
8070 253 254363 236
8077 272 254635 236
8085 235 254870 236
8092 240 255110 236
8100 231 255341 236
8107 223 255564 236
8115 240 255804 236
8122 233 256037 236
8130 233 256270 236
8137 237 256507 236
8145 220 256727 236
8152 242 256969 236
8160 243 257212 236
8167 275 257487 236
8175 226 257713 236
8182 242 257955 236
8190 246 258201 236
8197 244 258445 236
8205 231 258676 236
8212 229 258905 236
8220 243 259148 236
8227 224 259372 236
8235 269 259641 236
8242 246 259887 236
8250 214 260101 236
8257 197 260298 236
8265 241 260539 236
8272 232 260771 236
8280 229 261000 236
8287 244 261244 236
8295 215 261459 236
8302 237 261696 236
8310 251 261947 236
8317 234 262181 236
8325 235 262416 236
8332 235 262651 236
8340 226 262877 236
8347 249 263126 236
8355 227 263353 236
8362 249 263602 236
8370 242 263844 236
8377 232 264076 236
8385 238 264314 236
8392 219 264533 236
8400 236 264769 236
8407 243 265012 236
8415 234 265246 236
8422 247 265493 236
8430 258 265751 236
8437 256 266007 236
8445 211 266218 236
8452 244 266462 236
8460 227 266689 236
8467 224 266913 236
8475 256 267169 236
8482 240 267409 236
8490 272 267681 236
8497 200 267881 236
8505 241 268122 236
8512 230 268352 236
8520 221 268573 236
8527 224 268797 236
8535 254 269051 236
8542 239 269290 236
8550 228 269518 236
8557 222 269740 236
8565 242 269982 236
8572 251 270233 236
8580 253 270486 236
8587 259 270745 236
8595 234 270979 236
8602 252 271231 236
8610 254 271485 236
8617 237 271722 236
8625 238 271960 236
8632 261 272221 236
8640 232 272453 236
8647 241 272694 236
8655 255 272949 236
8662 227 273176 236
8670 237 273413 236
8677 225 273638 236
8685 243 273881 236
8692 238 274119 236
8700 227 274346 236
8707 233 274579 236
8715 246 274825 236
8722 261 275086 236
8730 237 275323 236
8737 251 275574 236
8745 229 275803 236
8752 243 276046 236
8760 244 276290 236
8767 231 276521 236
8775 224 276745 236
8782 242 276987 236
8790 255 277242 236
8797 257 277499 236
8805 237 277736 236
8812 253 277989 236
8820 226 278215 236
8827 229 278444 236
8835 261 278705 236
8842 224 278929 236
8850 233 279162 236
8857 227 279389 236
8865 235 279624 236
8872 235 279859 236
8880 244 280103 236
8887 249 280352 236
8895 231 280583 236
8902 249 280832 236
8910 250 281082 236
8917 236 281318 236
8925 204 281522 236
8932 264 281786 236
8940 278 282064 236
8947 227 282291 236
8955 214 282505 236
8962 223 282728 236
8970 253 282981 236
8977 247 283228 236
8985 228 283456 236
8992 236 283692 236
9000 227 283919 236
9007 221 284140 236
9015 214 284354 236
9022 232 284586 236
9030 213 284799 236
9037 235 285034 236
9045 230 285264 236
9052 231 285495 236
9060 240 285735 236
9067 247 285982 236
9075 240 286222 236
9082 236 286458 236
9090 239 286697 236
9097 252 286949 236
9105 226 287175 236
9112 233 287408 236
9120 199 287607 236
9127 225 287832 236
9135 242 288074 236
9142 252 288326 236
9150 212 288538 236
9157 242 288780 236
9165 226 289006 236
9172 236 289242 236
9180 224 289466 236
9187 255 289721 236
9195 239 289960 236
9202 250 290210 236
9210 243 290453 236
9217 298 290751 236
9225 265 291016 236
9232 251 291267 236
9240 241 291508 236
9247 240 291748 236
9255 248 291996 236
9262 257 292253 236
9270 259 292512 236
9277 230 292742 236
9285 222 292964 236
9292 240 293204 236
9300 237 293441 236
9307 247 293688 236
9315 224 293912 236
9322 232 294144 236
9330 220 294364 236
9337 225 294589 236
9345 230 294819 236
9352 253 295072 236
9360 235 295307 236
9367 258 295565 236
9375 247 295812 236
9382 221 296033 236
9390 231 296264 236
9397 243 296507 236
9405 262 296769 236
9412 245 297014 236
9420 233 297247 236
9427 244 297491 236
9435 229 297720 236
9442 250 297970 236
9450 232 298202 236
9457 219 298421 236
9465 279 298700 236
9472 297 298997 236
9480 218 299215 236
9487 250 299465 236
9495 257 299722 236
9502 223 299945 236
9510 218 300163 236
9517 269 300432 236
9525 239 300671 236
9532 246 300917 236
9540 213 301130 236
9547 262 301392 236
9555 242 301634 236
9562 238 301872 236
9570 240 302112 236
9577 251 302363 236
9585 229 302592 236
9592 248 302840 236
9600 246 303086 236
9607 241 303327 236
9615 267 303594 236
9622 214 303808 236
9630 216 304024 236
9637 241 304265 236
9645 247 304512 236
9652 221 304733 236
9660 247 304980 236
9667 225 305205 236
9675 249 305454 236
9682 240 305694 236
9690 276 305970 236
9697 258 306228 236
9705 251 306479 236
9712 250 306729 236
9720 233 306962 236
9727 230 307192 236
9735 253 307445 236
9742 241 307686 236
9750 239 307925 236
9757 229 308154 236
9765 230 308384 236
9772 205 308589 236
9780 248 308837 236
9787 241 309078 236
9795 245 309323 236
9802 255 309578 236
9810 218 309796 236
9817 242 310038 236
9825 239 310277 236
9832 240 310517 236
9840 259 310776 236
9847 257 311033 236
9855 208 311241 236
9862 236 311477 236
9870 253 311730 236
9877 214 311944 236
9885 254 312198 236
9892 253 312451 236
9900 260 312711 236
9907 228 312939 236
9915 225 313164 236
9922 252 313416 236
9930 229 313645 236
9937 217 313862 236
9945 239 314101 236
9952 238 314339 236
9960 230 314569 236
9967 235 314804 236
9975 238 315042 236
9982 237 315279 236
9990 228 315507 236
9997 210 315717 236
10005 246 315963 236
10012 231 316194 236
10020 255 316449 236
10027 234 316683 236
10035 245 316928 236
10042 223 317151 236
10050 232 317383 236
10057 242 317625 236
10065 227 317852 236
10072 265 318117 236
10080 231 318348 236
10087 247 318595 236
10095 218 318813 236
10102 257 319070 236
10110 241 319311 236
10117 239 319550 236
10125 240 319790 236
10132 230 320020 236
10140 245 320265 236
10147 260 320525 236
10155 230 320755 236
10162 249 321004 236
10170 237 321241 236
10177 234 321475 236
10185 248 321723 236
10192 223 321946 236
10200 233 322179 236
10207 229 322408 236
10215 244 322652 236
10222 234 322886 236
10230 240 323126 236
10237 242 323368 236
10245 237 323605 236
10252 253 323858 236
10260 233 324091 236
10267 237 324328 236
10275 232 324560 236
10282 208 324768 236
10290 270 325038 236
10297 237 325275 236
10305 262 325537 236
10312 247 325784 236
10320 242 326026 236
10327 249 326275 236
10335 204 326479 236
10342 254 326733 236
10350 222 326955 236
10357 268 327223 236
10365 218 327441 236
10372 222 327663 236
10380 232 327895 236
10387 257 328152 236
10395 240 328392 236
10402 242 328634 236
10410 231 328865 236
10417 243 329108 236
10425 228 329336 236
10432 220 329556 236
10440 233 329789 236
10447 243 330032 236
10455 250 330282 236
10462 223 330505 236
10470 244 330749 236
10477 264 331013 236
10485 213 331226 236
10492 235 331461 236
10500 246 331707 236
10507 236 331943 236
10515 231 332174 236
10522 246 332420 236
10530 210 332630 236
10537 223 332853 236
10545 233 333086 236
10552 225 333311 236
10560 249 333560 236
10567 266 333826 236
10575 201 334027 236
10582 242 334269 236
10590 216 334485 236
10597 246 334731 236
10605 249 334980 236
10612 260 335240 236
10620 246 335486 236
10627 264 335750 236
10635 240 335990 236
10642 244 336234 236
10650 221 336455 236
10657 243 336698 236
10665 215 336913 236
10672 292 337205 236
10680 265 337470 236
10687 229 337699 236
10695 245 337944 236
10702 256 338200 237
10710 212 338412 236
10717 204 338616 236
10725 256 338872 236
10732 242 339114 236
10740 222 339336 236
10747 249 339585 236
10755 213 339798 236
10762 232 340030 236
10770 223 340253 236
10777 233 340486 236
10785 243 340729 236
10792 274 341003 236
10800 232 341235 236
10807 220 341455 236
10815 239 341694 236
10822 216 341910 236
10830 250 342160 236
10837 230 342390 236
10845 241 342631 236
10852 229 342860 236
10860 211 343071 236
10867 212 343283 236
10875 212 343495 236
10882 262 343757 236
10890 246 344003 236
10897 239 344242 236
10905 222 344464 236
10912 234 344698 236
10920 210 344908 236
10927 229 345137 236
10935 263 345400 236
10942 226 345626 236
10950 251 345877 236
10957 239 346116 236
10965 245 346361 236
10972 234 346595 236
10980 249 346844 236
10987 255 347099 236
10995 232 347331 236
11002 225 347556 236
11010 214 347770 236
11017 244 348014 236
11025 235 348249 236
11032 219 348468 236
11040 226 348694 236
11047 232 348926 236
11055 261 349187 236
11062 245 349432 236
11070 213 349645 236
11077 230 349875 236
11085 262 350137 236
11092 239 350376 236
11100 228 350604 236
11107 252 350856 236
11115 224 351080 236
11122 242 351322 236
11130 230 351552 236
11137 249 351801 236
11145 225 352026 236
11152 259 352285 236
11160 255 352540 236
11167 255 352795 236
11175 248 353043 236
11182 230 353273 236
11190 234 353507 236
11197 226 353733 236
11205 240 353973 236
11212 220 354193 236
11220 220 354413 236
11227 249 354662 236
11235 251 354913 236
11242 211 355124 236
11250 254 355378 236
11257 246 355624 236
11265 241 355865 236
11272 245 356110 236
11280 229 356339 236
11287 230 356569 236
11295 238 356807 236
11302 238 357045 236
11310 227 357272 236
11317 224 357496 236
11325 217 357713 236
11332 244 357957 236
11340 218 358175 236
11347 267 358442 236
11355 258 358700 236
11362 261 358961 236
11370 237 359198 236
11377 215 359413 236
11385 236 359649 236
11392 216 359865 236
11400 253 360118 236
11407 249 360367 236
11415 240 360607 236
11422 241 360848 236
11430 233 361081 236
11437 241 361322 236
11445 238 361560 236
11452 262 361822 236
11460 267 362089 236
11467 251 362340 236
11475 253 362593 236
11482 217 362810 236
11490 256 363066 236
11497 234 363300 236
11505 245 363545 236
11512 259 363804 237
11520 217 364021 236
11527 247 364268 236
11535 263 364531 237
11542 235 364766 237
11550 245 365011 237
11557 219 365230 237
11565 262 365492 237
11572 234 365726 237
11580 250 365976 237
11587 220 366196 237
11595 250 366446 237
11602 236 366682 237
11610 249 366931 237
11617 258 367189 237
11625 242 367431 237
11632 233 367664 237
11640 242 367906 237
11647 261 368167 237
11655 259 368426 237
11662 253 368679 237
11670 231 368910 237
11677 224 369134 237
11685 225 369359 237
11692 234 369593 237
11700 238 369831 237
11707 227 370058 237
11715 229 370287 237
11722 219 370506 237
11730 225 370731 237
11737 246 370977 237
11745 216 371193 237
11752 259 371452 237
11760 215 371667 237
11767 244 371911 237
11775 202 372113 237
11782 225 372338 237
11790 210 372548 236
11797 258 372806 237
11805 246 373052 237
11812 239 373291 237
11820 263 373554 237
11827 237 373791 237
11835 217 374008 237
11842 251 374259 237
11850 236 374495 237
11857 235 374730 237
11865 267 374997 237
11872 217 375214 237
11880 219 375433 237
11887 230 375663 237
11895 225 375888 237
11902 232 376120 237
11910 244 376364 237
11917 236 376600 237
11925 246 376846 237
11932 252 377098 237
11940 253 377351 237
11947 243 377594 237
11955 208 377802 237
11962 262 378064 237
11970 233 378297 237
11977 225 378522 237
11985 229 378751 237
11992 237 378988 237
12000 235 379223 237
12007 221 379444 237
12015 233 379677 237
12022 227 379904 236
12030 232 380136 236
12037 233 380369 236
12045 226 380595 236
12052 264 380859 237
12060 246 381105 237
12067 247 381352 237
12075 249 381601 237
12082 224 381825 237
12090 238 382063 237
12097 240 382303 237
12105 248 382551 237
12112 239 382790 237
12120 227 383017 237
12127 237 383254 237
12135 246 383500 237
12142 247 383747 237
12150 235 383982 237
12157 254 384236 237
12165 247 384483 237
12172 229 384712 237
12180 209 384921 237
12187 250 385171 237
12195 219 385390 237
12202 205 385595 236
12210 215 385810 236
12217 251 386061 236
12225 262 386323 237
12232 237 386560 237
12240 239 386799 237
12247 247 387046 237
12255 239 387285 237
12262 263 387548 237
12270 224 387772 237
12277 242 388014 237
12285 265 388279 237
12292 219 388498 237
12300 238 388736 237
12307 206 388942 237
12315 237 389179 237
12322 227 389406 237
12330 223 389629 237
12337 225 389854 236
12345 220 390074 236
12352 239 390313 236
12360 246 390559 236
12367 238 390797 236
12375 236 391033 236
12382 246 391279 236
12390 228 391507 236
12397 230 391737 236
12405 238 391975 236
12412 239 392214 236
12420 250 392464 236
12427 259 392723 237
12435 240 392963 237
12442 219 393182 236
12450 229 393411 236
12457 231 393642 236
12465 221 393863 236
12472 245 394108 236
12480 262 394370 237
12487 246 394616 237
12495 246 394862 237
12502 255 395117 237
12510 248 395365 237
12517 234 395599 237
12525 215 395814 237
12532 235 396049 237
12540 234 396283 237
12547 225 396508 237
12555 259 396767 237
12562 225 396992 237
12570 228 397220 237
12577 247 397467 237
12585 237 397704 237
12592 252 397956 237
12600 257 398213 237
12607 206 398419 237
12615 252 398671 237
12622 242 398913 237
12630 230 399143 237
12637 229 399372 237
12645 239 399611 237
12652 256 399867 237
12660 251 400118 237
12667 231 400349 237
12675 249 400598 237
12682 225 400823 237
12690 217 401040 237
12697 255 401295 237
12705 211 401506 237
12712 219 401725 237
12720 229 401954 237
12727 245 402199 237
12735 239 402438 237
12742 236 402674 237
12750 249 402923 237
12757 229 403152 237
12765 212 403364 236
12772 226 403590 236
12780 247 403837 236
12787 212 404049 236
12795 230 404279 236
12802 230 404509 236
12810 219 404728 236
12817 260 404988 236
12825 208 405196 236
12832 244 405440 236
12840 253 405693 236
12847 220 405913 236
12855 286 406199 236
12862 220 406419 236
12870 235 406654 236
12877 246 406900 236
12885 265 407165 236
12892 228 407393 236
12900 221 407614 236
12907 256 407870 236
12915 236 408106 236
12922 230 408336 236
12930 246 408582 236
12937 271 408853 237
12945 268 409121 237
12952 248 409369 237
12960 265 409634 237
12967 226 409860 237
12975 237 410097 237
12982 238 410335 237
12990 212 410547 237
12997 209 410756 237
13005 223 410979 237
13012 219 411198 237
13020 253 411451 237
13027 245 411696 237
13035 234 411930 237
13042 214 412144 237
13050 227 412371 236
13057 247 412618 237
13065 210 412828 236
13072 259 413087 236
13080 251 413338 237
13087 224 413562 236
13095 225 413787 236
13102 240 414027 236
13110 244 414271 236
13117 236 414507 236
13125 222 414729 236
13132 257 414986 236
13140 234 415220 236
13147 226 415446 236
13155 243 415689 236
13162 254 415943 237
13170 209 416152 236
13177 216 416368 236
13185 237 416605 236
13192 246 416851 236
13200 249 417100 236
13207 231 417331 236
13215 235 417566 236
13222 259 417825 236
13230 240 418065 236
13237 224 418289 236
13245 219 418508 236
13252 236 418744 236
13260 228 418972 236
13267 233 419205 236
13275 239 419444 236
13282 228 419672 236
13290 229 419901 236
13297 224 420125 236
13305 232 420357 236
13312 245 420602 236
13320 207 420809 236
13327 228 421037 236
13335 227 421264 236
13342 231 421495 236
13350 258 421753 236
13357 235 421988 236
13365 252 422240 236
13372 235 422475 236
13380 248 422723 236
13387 210 422933 236
13395 224 423157 236
13402 261 423418 236
13410 234 423652 236
13417 235 423887 236
13425 241 424128 236
13432 228 424356 236
13440 213 424569 236
13447 237 424806 236
13455 251 425057 236
13462 216 425273 236
13470 235 425508 236
13477 238 425746 236
13485 234 425980 236
13492 202 426182 236
13500 249 426431 236
13507 233 426664 236
13515 221 426885 236
13522 238 427123 236
13530 217 427340 236
13537 229 427569 236
13545 235 427804 236
13552 256 428060 236
13560 239 428299 236
13567 228 428527 236
13575 222 428749 236
13582 246 428995 236
13590 260 429255 236
13597 206 429461 236
13605 240 429701 236
13612 232 429933 236
13620 255 430188 236
13627 222 430410 236
13635 234 430644 236
13642 228 430872 236
13650 246 431118 236
13657 227 431345 236
13665 267 431612 236
13672 226 431838 236
13680 232 432070 236
13687 233 432303 236
13695 251 432554 236
13702 247 432801 236
13710 243 433044 236
13717 248 433292 236
13725 241 433533 236
13732 216 433749 236
13740 237 433986 236
13747 248 434234 236
13755 234 434468 236
13762 233 434701 236
13770 215 434916 236
13777 211 435127 236
13785 236 435363 236
13792 225 435588 236
13800 237 435825 236
13807 239 436064 236
13815 250 436314 236
13822 243 436557 236
13830 217 436774 236
13837 210 436984 236
13845 235 437219 236
13852 260 437479 236
13860 248 437727 236
13867 224 437951 236
13875 263 438214 236
13882 247 438461 236
13890 247 438708 236
13897 250 438958 236
13905 224 439182 236
13912 220 439402 236
13920 209 439611 236
13927 235 439846 236
13935 224 440070 236
13942 246 440316 236
13950 227 440543 236
13957 228 440771 236
13965 260 441031 236
13972 253 441284 236
13980 236 441520 236
13987 194 441714 236
13995 201 441915 236
14002 240 442155 236
14010 231 442386 236
14017 228 442614 236
14025 264 442878 236
14032 256 443134 236
14040 260 443394 236
14047 211 443605 236
14055 234 443839 236
14062 235 444074 236
14070 245 444319 236
14077 231 444550 236
14085 221 444771 236
14092 244 445015 236
14100 251 445266 236
14107 256 445522 236
14115 255 445777 236
14122 248 446025 236
14130 220 446245 236
14137 227 446472 236
14145 206 446678 236
14152 255 446933 236
14160 227 447160 236
14167 233 447393 236
14175 268 447661 236
14182 260 447921 236
14190 228 448149 236
14197 232 448381 236
14205 258 448639 236
14212 211 448850 236
14220 228 449078 236
14227 254 449332 236
14235 237 449569 236
14242 227 449796 236
14250 254 450050 236
14257 201 450251 236
14265 221 450472 236
14272 249 450721 236
14280 252 450973 236
14287 252 451225 236
14295 245 451470 236
14302 235 451705 236
14310 245 451950 236
14317 221 452171 236
14325 242 452413 236
14332 241 452654 236
14340 215 452869 236
14347 224 453093 236
14355 241 453334 236
14362 192 453526 236
14370 228 453754 236
14377 241 453995 236
14385 252 454247 236
14392 243 454490 236
14400 213 454703 236
14407 237 454940 236
14415 238 455178 236
14422 232 455410 236
14430 275 455685 236
14437 231 455916 236
14445 249 456165 236
14452 258 456423 236
14460 258 456681 236
14467 244 456925 236
14475 223 457148 236
14482 225 457373 236
14490 269 457642 236
14497 253 457895 236
14505 262 458157 236
14512 251 458408 236
14520 239 458647 236
14527 225 458872 236
14535 258 459130 236
14542 246 459376 236
14550 267 459643 236
14557 242 459885 236
14565 229 460114 236
14572 240 460354 236
14580 234 460588 236
14587 232 460820 236
14595 230 461050 236
14602 249 461299 236
14610 242 461541 236
14617 224 461765 236
14625 220 461985 236
14632 273 462258 236
14640 237 462495 236
14647 254 462749 236
14655 228 462977 236
14662 247 463224 236
14670 244 463468 236
14677 213 463681 236
14685 238 463919 236
14692 230 464149 236
14700 245 464394 236
14707 221 464615 236
14715 250 464865 236
14722 230 465095 236
14730 207 465302 236
14737 256 465558 236
14745 247 465805 236
14752 213 466018 236
14760 245 466263 236
14767 254 466517 236
14775 240 466757 236
14782 228 466985 236
14790 252 467237 236
14797 228 467465 236
14805 211 467676 236
14812 226 467902 236
14820 245 468147 236
14827 260 468407 236
14835 241 468648 236
14842 224 468872 236
14850 230 469102 236
14857 244 469346 236
14865 226 469572 236
14872 269 469841 236
14880 255 470096 236
14887 228 470324 236
14895 246 470570 236
14902 253 470823 236
14910 241 471064 236
14917 252 471316 236
14925 259 471575 236
14932 247 471822 236
14940 254 472076 236
14947 261 472337 236
14955 293 472630 237
14962 216 472846 237
14970 225 473071 237
14977 225 473296 237
14985 235 473531 237
14992 240 473771 237
15000 238 474009 237
15007 223 474232 236
15015 240 474472 236
15022 222 474694 236
15030 233 474927 236
15037 247 475174 236
15045 222 475396 236
15052 241 475637 236
15060 231 475868 236
15067 240 476108 236
15075 216 476324 236
15082 228 476552 236
15090 232 476784 236
15097 227 477011 236
15105 227 477238 236
15112 247 477485 236
15120 257 477742 236
15127 268 478010 236
15135 224 478234 236
15142 205 478439 236
15150 215 478654 236
15157 235 478889 236
15165 224 479113 236
15172 239 479352 236
15180 225 479577 236
15187 227 479804 236
15195 239 480043 236
15202 223 480266 236
15210 221 480487 236
15217 215 480702 236
15225 209 480911 236
15232 228 481139 236
15240 231 481370 236
15247 240 481610 236
15255 234 481844 236
15262 259 482103 236
15270 262 482365 236
15277 222 482587 236
15285 237 482824 236
15292 254 483078 236
15300 250 483328 236
15307 230 483558 236
15315 225 483783 236
15322 230 484013 236
15330 265 484278 236
15337 220 484498 236
15345 252 484750 236
15352 229 484979 236
15360 214 485193 236
